I:  ((0, 0, 0, 0, 0, 0, 0, 0, 0, 0), (0, 0, 0, 0, 0, 0, 0, 0, 0, 0), (0, 0, 5, 5, 5, 5, 5, 0, 0, 0), (0, 0, 5, 0, 0, 0, 5, 0, 0, 0), (0, 0, 5, 0, 0, 0, 5, 0, 0, 0), (0, 0, 5, 0, 0, 0, 0, 0, 0, 0), (0, 0, 5, 0, 0, 0, 5, 0, 0, 0), (0, 0, 5, 5, 5, 5, 5, 0, 0, 0), (0, 0, 0, 0, 0, 0, 0, 0, 0, 0), (0, 0, 0, 0, 0, 0, 0, 0, 0, 0))
x1: frozenset({(7, 4), (2, 4), (6, 2), (7, 5), (4, 6), (4, 2), (7, 3), (2, 3), (7, 6), (2, 6), (3, 6), (7, 2), (2, 2), (6, 6), (3, 2), (2, 5), (5, 2)})
x2: frozenset({(4, 4), (5, 5), (3, 4), (6, 5), (4, 3), (5, 4), (6, 4), (4, 5), (3, 3), (5, 6), (5, 3), (6, 3), (3, 5)})
x3: ((0, 0, 0, 0, 0, 0, 0, 0, 0, 0), (0, 0, 0, 0, 0, 0, 0, 0, 0, 0), (0, 0, 5, 5, 5, 5, 5, 0, 0, 0), (0, 0, 5, 8, 8, 8, 5, 0, 0, 0), (0, 0, 5, 8, 8, 8, 5, 0, 0, 0), (0, 0, 5, 8, 8, 8, 8, 0, 0, 0), (0, 0, 5, 8, 8, 8, 5, 0, 0, 0), (0, 0, 5, 5, 5, 5, 5, 0, 0, 0), (0, 0, 0, 0, 0, 0, 0, 0, 0, 0), (0, 0, 0, 0, 0, 0, 0, 0, 0, 0))
x4: frozenset({(2, 4), (4, 6), (7, 3), (7, 6), (2, 2), (3, 2), (2, 5), (5, 2), (7, 4), (6, 2), (4, 2), (2, 3), (2, 6), (5, 6), (7, 2), (3, 6), (6, 6), (7, 5)})
x5: frozenset({(5, 6)})
x6: (0, 1)
x7: (5, 6)
x8: frozenset({(5, 7), (5, 13), (5, 10), (5, 16), (5, 19), (5, 25), (5, 22), (5, 28), (5, 31), (5, 37), (5, 34), (5, 40), (5, 43), (5, 46), (5, 6), (5, 9), (5, 12), (5, 18), (5, 15), (5, 21), (5, 24), (5, 30), (5, 27), (5, 33), (5, 39), (5, 36), (5, 42), (5, 45), (5, 48), (5, 11), (5, 8), (5, 14), (5, 17), (5, 23), (5, 20), (5, 26), (5, 32), (5, 29), (5, 35), (5, 38), (5, 44), (5, 41), (5, 47)})
O: ((0, 0, 0, 0, 0, 0, 0, 0, 0, 0), (0, 0, 0, 0, 0, 0, 0, 0, 0, 0), (0, 0, 5, 5, 5, 5, 5, 0, 0, 0), (0, 0, 5, 8, 8, 8, 5, 0, 0, 0), (0, 0, 5, 8, 8, 8, 5, 0, 0, 0), (0, 0, 5, 8, 8, 8, 8, 8, 8, 8), (0, 0, 5, 8, 8, 8, 5, 0, 0, 0), (0, 0, 5, 5, 5, 5, 5, 0, 0, 0), (0, 0, 0, 0, 0, 0, 0, 0, 0, 0), (0, 0, 0, 0, 0, 0, 0, 0, 0, 0))
